1111111111111100000000000000000000000000000000000000000000000000000000000000000000000000000000000000000000000000000000000000000000000000000000000000000000000000000000000000000000000000000000000000000000000000000000000000000000000000000000000000000000000
0010000000000011111222111121111110000000000000000000000000000000000000000000000000000000000000000000000000000000000000000000000000000000000000000000000000000000000000000000000000000000000000000000000000000000000000000000000000000000000000000000000000000
0020000000010001000200000000000003111112121100000000000000000000000000000000000000000000000000000000000000000000000000000000000000000000000000000000000000000000000000000000000000000000000000000000000000000000000000000000000000000000000000000000000000000
1000100000000010000000100000000000000100000011211111111111111100000000000000000000000000000000000000000000000000000000000000000000000000000000000000000000000000000000000000000000000000000000000000000000000000000000000000000000000000000000000000000000000
2000100000000110000200000000000001000000000000000000000000000011111111111000000000000000000000000000000000000000000000000000000000000000000000000000000000000000000000000000000000000000000000000000000000000000000000000000000000000000000000000000000000000
0000000000010001000000000000000000000000000000000000000000200000000000000111111111111110000000000000000000000000000000000000000000000000000000000000000000000000000000000000000000000000000000000000000000000000000000000000000000000000000000000000000000000
1010100000020000000100000000000000000000000000000000000000210000000000000000001000000001111111111100000000000000000000000000000000000000000000000000000000000000000000000000000000000000000000000000000000000000000000000000000000000000000000000000000000000
0000000000010001000000000000000000000000210000001000000000000000000000000000000000000000000000000011111000000000000000000000000000000000000000000000000000000000000000000000000000000000000000000000000000000000000000000000000000000000000000000000000000000
0010000000020001000200000000010101001002200000000001000000000020000001000000000000000000000000000000000111111111111111111110000000000000000000000000000000000000000000000000000000000000000000000000000000000000000000000000000000000000000000000000000000000
1010000000000001000300000000000012000000000000000000000010100000000000000000000000000000000000000000000100000000000000000001111111111110000000000000000000000000000000000000000000000000000000000000000000000000000000000000000000000000000000000000000000000
1000000000020001000100000000000000000000100000000000000000000010000000000000000000100000000000000000000000000000000000002000010000000001111111100000000000000000000000000000000000000000000000000000000000000000000000000000000000000000000000000000000000000
0010000000010001000000110000000001000001000000000000000000000000000000000000000000000000000000000000010000000010000000000000000000000001000000021111110000000000000000000000000000000000000000000000000000000000000000000000000000000000000000000000000000000
1000000000020001100002000000000100000000001000000000000000100000000000000000000000000000000000000000000000000000000000001000000000000001001000000001001111111000000000000000000000000000000000000000000000000000000000000000000000000000000000000000000000000
1000000000010010000100000000000000000000100000000000000000100000000000000000000000000000000000000000000000000000000100000000000000000000000000000000000000000111111111100000000000000000000000000000000000000000000000000000000000000000000000000000000000000
0010000001000000000000000000000000000000000000000000000000100000000000000010000000000000000000000000000000000000000000000000000000000000000000000000000000000100001000011121111100000000000000000000000000000000000000000000000000000000000000000000000000000
0000010000000010000200000000001000000000000000000000000000000000000000000000000000000000000000000000000000000000000000000000000000000000000000000000000000000100000000001000011111111111111000000000000000000000000000000000000000000000000000000000000000000
1020000000010000000000011000000000000000000000000000000000200000000000000000000000000000000000000000000000000000000100000000000001000000000000010000000000000000001000002000011200200100000111111111111110000000000000000000000000000000000000000000000000000
0010000000000010000100000000000001000100000000000000000000200000000000000000000000000000000000000000000000000000000100000000000000000000000000000000000000000011000000001000012200000000000000000000000001111111111111111000000000000000000000000000000000000
0000000000010000000100000000000001000100000000000000000000101000000000000000000000000000000000000000000000000000000100000000000001000000000000000000000000000001000000001000001100000000000000000000000001100000000001000111111110000000000000000000000000000
0000000000020001000000000000000001000000000000000000000000000000000000000000000000000000000000000000000000000000000000000000000001000000000000000000100000000000000000001000000000000000000000000000000001100000000010000000000001111111111100000000000000000
1010000000010000000000000000000001000000000000001000000000000000000000000000000000000000000000000000000000000000000000001000000000000000000000000000000000000000000000000000011100000000001000000000000001100000000000000000000000000010000011111111111110000